weight_scale=0.030704108110664086
input_scale=0.02517594796601282
output_scale=0.150083540481283
combined_scale=0.005150498353504081
OUTPUT_SCALE (Q0.16) = 0x0152

W_real (K x N) =
[[ 1.25730221e-01 -1.32104863e-01  6.40422650e-01  1.04900117e-01 -5.35669373e-01  3.61595055e-01  1.30400005e+00  9.47080963e-01 -7.03735236e-01 -1.26542147e+00 -6.23274463e-01  4.13259793e-02
  -2.32503077e+00 -2.18791664e-01 -1.24591095e+00 -7.32267355e-01 -5.44258983e-01 -3.16300156e-01  4.11630536e-01  1.04251337e+00 -1.28534663e-01  1.36646347e+00 -6.65194673e-01  3.51510070e-01
   9.03470182e-01  9.40122978e-02 -7.43499249e-01 -9.21725376e-01 -4.57725826e-01  2.20195123e-01 -1.00961818e+00 -2.09175575e-01]
 [-1.59225010e-01  5.40845585e-01  2.14659123e-01  3.55372709e-01 -6.53828609e-01 -1.29613634e-01  7.83975470e-01  1.49343115e+00 -1.25906553e+00  1.51392377e+00  1.34587542e+00  7.81311401e-01
   2.64455630e-01 -3.13922815e-01  1.45802068e+00  1.96025832e+00  1.80163487e+00  1.31510376e+00  3.57380411e-01 -1.20831863e+00 -4.45413312e-03  6.56474935e-01 -1.28836146e+00  3.95122060e-01
   4.29863695e-01  6.96042724e-01 -1.18411797e+00 -6.61702572e-01 -4.36435247e-01 -1.16980191e+00  1.73936788e+00 -4.95910728e-01]
 [ 3.28969629e-01 -2.58572545e-01  1.58347288e+00  1.32036099e+00  6.33352623e-01 -2.20350988e+00  5.20289743e-02  6.83686191e-01  1.00396158e+00 -6.17907045e-01  1.82201136e+00 -1.32043097e+00
  -6.61528022e-01  9.35049988e-01  4.90546138e-02  2.00239258e+00  1.88519193e-01 -6.33194090e-01 -3.77563505e-01 -1.09114612e+00 -1.27768017e+00  6.30411491e-01  5.81165812e-01  1.29455882e+00
  -7.54605791e-01  1.68910745e+00 -2.87387708e-01  1.57440828e+00 -4.32785847e-01 -7.35483292e-01  2.49785372e-01  1.03145308e+00]
 [ 1.61009577e-01 -5.85528824e-01 -1.34121971e+00 -1.40152021e+00  5.02682850e-01  9.89713033e-01 -1.64294593e-01 -1.07436486e+00  8.73042153e-01 -1.28039394e+00 -7.13068095e-01  6.21017854e-01
  -2.25014117e+00  3.86369598e-01 -5.81640836e-01  1.09279697e-01 -7.57015262e-02  2.02114395e-01  6.94171937e-01 -7.58369751e-01  1.42098202e+00  7.26093789e-01  8.43732662e-01  1.16486398e+00
   7.87588222e-01  8.44078681e-01  7.55936107e-02 -1.42677385e+00 -1.35045100e-01 -7.69514640e-01 -1.42274177e+00  2.58452791e-01]
 [-5.68549454e-01 -1.02980444e+00 -1.04300108e+00  2.68417080e-01  3.58671949e-01  1.32245747e+00 -1.39146685e-02  1.04183976e+00  1.40226483e+00  1.15016564e+00 -2.36530391e+00  1.22868372e+00
   3.39620008e-01  4.23771353e-01  3.71227418e-01  3.82757160e-01  3.19414220e-01 -3.58913309e-01 -1.90163530e+00 -1.08914728e-01 -8.03731849e-01  1.08016341e+00 -2.88766506e-01  8.34753561e-02
  -8.49605956e-01 -5.10622468e-01 -1.15330617e-02 -1.48537518e+00  3.00685114e-01 -1.06072253e-01 -1.18571981e+00 -2.39823287e+00]
 [ 5.13052134e-01 -2.97584039e-01 -5.30008413e-01 -2.36154630e-01  1.81647594e+00 -4.98009691e-02  8.66192630e-02 -1.48707287e+00  1.64733907e+00  9.17487983e-01  1.06693487e+00  4.76727312e-02
   9.16654789e-01  3.70946835e-01  6.13189078e-01 -1.52192958e-01 -1.47388795e+00  1.02885435e+00 -1.93495964e+00 -2.39936671e-01 -2.04522488e-01 -1.04286014e+00  6.13123136e-01 -2.00329701e-01
  -4.36868326e-01  5.19841731e-01 -4.76579041e-01  1.38897997e+00  3.51455076e-01 -4.74332987e-01 -1.94426498e+00 -1.30775320e+00]
 [ 1.08683078e+00 -5.06040631e-02 -2.83125066e-01  1.64325161e+00 -1.28264924e+00 -5.85657800e-01 -4.72587677e-01  5.86337282e-01 -6.63535198e-01 -6.13417849e-01 -1.60514940e+00  7.29349404e-01
   8.06139359e-01 -4.76376747e-01  1.63339946e-01 -1.29264612e+00 -4.71813155e-01  1.37795095e+00  1.35730734e-01  2.31036349e+00 -7.87192742e-01  5.80284417e-01 -1.95505828e-01  5.65817847e-01
  -7.21135966e-03 -5.61198110e-01 -8.67616764e-01  3.06603674e+00 -7.73450597e-02 -2.01666069e+00 -6.48600608e-01  6.78039727e-01]
 [-5.00008433e-01  1.36044620e+00  1.00239827e+00 -1.52338636e-01 -4.72215943e-01 -1.00480101e+00 -6.99966542e-01 -1.47314307e+00  1.20439629e+00  1.59070079e+00 -1.25613807e+00 -1.18168298e+00
  -1.76851186e+00 -9.63854231e-01 -3.10633680e+00 -1.14227896e+00  1.29691540e+00 -3.45672529e-01  8.54584235e-01 -4.88969064e-01  1.76066730e+00  1.99217983e-01 -3.82002292e-01  2.55242403e+00
  -3.24471856e-01 -1.22122335e+00  2.01910002e-01 -3.88350386e-02  1.06632455e+00 -9.21633924e-01  8.04716931e-01  8.52748471e-01]
 [-6.67687292e-01  1.63244006e-01 -8.30751957e-01  2.34580807e+00 -7.04139562e-01 -4.53074444e-01 -1.06583802e+00 -3.46121275e-01 -5.87602670e-03  7.67789135e-01 -6.10486646e-01 -1.85773959e-01
  -1.41648937e+00 -8.27402227e-01  2.75580756e+00  1.04124319e+00 -7.81424042e-01 -1.33739724e+00 -9.75582831e-01 -2.16908595e-02  3.47277884e-02 -7.44360601e-01 -1.28657447e+00  1.42237851e+00
   4.51685451e-01 -3.74568020e-01 -2.20661208e-01 -5.29530459e-01 -2.93604545e+00  1.15661827e-01 -1.07054441e+00 -1.00268430e+00]
 [-6.40262405e-01  7.32301715e-01 -1.17053081e+00 -1.43428146e+00  6.39852075e-01  7.54368905e-01 -9.58933708e-01  5.62397677e-01 -2.91632430e-01  3.01292177e-01 -1.26096028e+00  8.32894449e-01
   1.20325895e+00  6.37073236e-01  5.58339962e-01 -3.77227516e+00  2.60629749e-01 -2.54453167e-02 -1.47045507e-01 -6.30577990e-01  5.53649749e-02  4.12117405e-01 -2.63788161e-01 -4.63324140e-01
   1.22975381e+00 -1.10536711e+00  1.03015520e+00  1.76812464e-01 -8.04305645e-01 -2.89981896e-01 -9.19993603e-01  6.75064518e-01]
 [ 3.47901762e-01 -5.56796175e-01 -1.10221830e+00  3.01716094e-01  9.57385607e-01 -1.13836349e-01  4.18352501e-01 -3.76027151e-01  6.75692060e-02 -2.91282911e-01  2.94042143e-01 -1.50977251e+00
   6.44190523e-01 -2.29932482e-01  3.58608068e-01 -3.40310127e-01  3.20361189e-01 -1.07256280e+00  1.18915441e+00 -1.70354459e+00 -1.03923881e+00  2.35666070e-01  1.46284229e+00  2.78126302e-01
  -2.47908455e-01 -1.42509014e+00 -1.91276664e-01 -1.98770110e-02  1.69056865e+00  6.22125222e-01 -1.52909287e+00  2.02677910e+00]
 [-3.95009875e-01 -8.79459715e-01  1.47482265e+00 -4.97557603e-02 -3.67402599e-01  2.18785989e-01  8.44888780e-01  9.93336204e-01 -1.37520240e+00  1.99848147e+00  9.46861588e-01 -3.79201062e-01
  -8.18659852e-01 -9.69012431e-01  1.23378438e-01 -6.48016294e-01 -7.64873965e-01  8.11254405e-01  3.64567344e-01 -3.94571258e-01  7.34247596e-01  1.36737863e+00 -1.09449631e+00 -6.03291884e-01
   9.42621840e-01  7.18940566e-01  2.26698856e-01  1.16242119e+00 -1.08821173e+00 -1.47913783e+00 -8.66507357e-01  1.22544096e-01]
 [-7.96086775e-01 -4.87218156e-01 -9.75000119e-01 -6.20429145e-01 -1.00478722e+00  3.67466206e-01  7.94891068e-01 -4.80445940e-01 -2.07265795e-01 -5.81032573e-01  5.31251216e-01  8.90560387e-02
   1.59415690e+00 -1.09547204e+00  3.62502499e-01  4.43991400e-01 -3.60440171e-01  5.83534127e-01 -1.43852265e+00  2.11880303e+00 -1.34204445e+00  9.19807261e-01 -1.12112268e+00  1.15088303e+00
  -3.84774027e-01  1.58422907e-01  5.33437557e-02  1.10073410e+00 -3.21547450e-01 -2.96718371e+00 -7.60058790e-01  1.83712323e-01]
 [-4.40468205e-01  7.69820851e-01  1.01532700e+00 -1.47771810e-01 -1.48964539e+00  1.38416511e+00  1.08305350e+00 -2.99191134e-01  2.10828841e+00 -3.48875460e-01 -1.13711972e+00 -1.55873434e-01
   1.07783372e+00 -9.37453443e-01  1.95122508e+00 -8.96526215e-01  9.54422276e-01  5.44462374e-01 -1.54057060e-01  1.08053298e+00 -1.49979879e+00  1.35757179e+00 -6.36840290e-02 -5.42435250e-01
   7.49174048e-01  1.05989901e+00  7.69795431e-01  1.99950382e+00  1.08072608e+00  1.28350663e+00 -5.39863937e-01  1.06523777e-01]
 [ 5.62982582e-01 -1.77422367e-02  3.01635233e-01  4.26104766e-01  8.44243918e-01 -1.01608891e-01 -3.49799215e-01 -8.28315650e-01 -8.91732326e-01  1.17245123e+00 -8.45214880e-02  7.86944381e-01
  -1.29736385e+00 -1.93816811e+00 -1.04909123e+00  1.14662697e+00  1.06807744e+00  3.32038608e-01 -8.02170150e-01 -1.30802642e-01 -2.97760480e-01 -3.44973346e-01 -2.50606984e+00 -8.57926386e-01
  -1.90108876e-01  1.51642779e+00  1.60743059e-01  1.40088829e+00 -3.93706909e-01 -2.52688581e-01 -3.89942173e+00  4.63330339e-01]
 [ 5.47095661e-01  1.76375907e+00 -4.86761211e-01  9.41541562e-02 -7.05527955e-01 -1.17625706e+00 -7.13107967e-01 -3.44998524e-01  1.35543803e+00  2.21160257e-03 -7.90544810e-01  1.41877828e-01
   2.17571356e-01 -6.76232056e-01  1.14323363e+00 -1.88834889e+00 -2.13544628e-01  6.65066066e-01 -1.33843252e+00  3.61253749e-01  1.29289305e+00  4.53671264e-01 -1.69015994e+00 -7.28195027e-01
   1.23230340e+00  2.98335245e-01 -9.85893849e-03  4.41200595e-01  7.21048950e-01 -7.08465237e-01 -2.90400080e-01  1.42913650e-01]
 [-5.43957722e-01 -1.33451559e-01  1.29787176e+00 -9.67819865e-01  1.92666271e+00  1.87934438e+00 -1.71343944e+00 -1.41022665e-01  3.42691570e-01 -7.60871088e-01 -7.41080504e-01 -2.37415697e-01
   7.39178087e-01 -5.11333839e-01  1.82669381e+00  2.89974002e-01 -1.02575284e-01  1.44925969e+00  6.26281195e-01  3.69286776e-01 -3.31140383e-01  1.81398561e+00  8.11821590e-01 -2.03411336e-01
  -1.57719915e+00  3.72951542e-01 -1.14374009e+00 -1.71594595e+00 -2.79151505e-01  2.81471103e-01  1.28248123e+00  2.82451825e-01]
 [ 8.06019527e-01 -1.22588271e+00 -2.25321775e-02  1.24211319e-01  8.62246185e-01  1.16060673e-01  8.04078958e-01 -5.04199248e-01  3.57954906e-01  4.14866401e-01 -1.24977572e+00  1.75538629e-01
  -3.20362527e-01 -1.90408795e+00  9.58406680e-01 -3.61858680e-01 -8.52390058e-01 -3.77316744e-01  1.38200303e-01  1.50790948e+00 -1.65933203e-01  4.72407497e-01  1.37357938e+00  5.33550531e-01
   1.06856416e+00 -4.76509859e-01  7.71049326e-01 -5.79760001e-02  1.07441124e+00 -1.00355957e+00 -7.79557753e-01  1.26873157e+00]
 [-1.96083973e-01 -3.58960647e-01  7.75724194e-02 -6.89497457e-01  1.33194137e+00 -1.24916265e+00 -1.50597998e-01  3.46952786e-01 -1.04447069e-01 -8.02287545e-01 -8.68389197e-01  4.25394426e-01
  -1.03048045e+00  6.46242706e-01 -1.52414836e+00 -5.54983097e-01  3.63060224e-02 -1.25215194e+00  6.52010864e-01 -1.85388133e-02 -1.03607368e+00 -1.51888823e+00 -1.56558937e+00  5.10339451e-02
  -1.15683011e+00 -1.36487960e+00 -2.31225935e-01  2.27750052e+00  2.77540361e-01  7.62918834e-01  2.12718346e-01  7.82982166e-01]
 [-1.34308865e+00 -4.30511970e-01  2.61350846e-01 -1.79168161e-02 -1.91993220e-01 -6.65876080e-01 -2.58383103e-01 -7.74197824e-01 -2.42183301e+00 -1.19450844e+00  4.75652939e-01  1.55707796e+00
   1.81358017e+00  9.67517437e-02  8.93383623e-01  9.07977911e-01 -6.92259184e-01 -1.69793983e+00  3.08873194e-02 -1.76220100e+00 -3.19929613e-01  6.08117087e-01 -1.42006949e+00  3.22953839e-02
   1.24001812e+00  3.61512474e-01  5.22321701e-01  9.06740414e-01  1.73296307e+00  1.51423082e-01  1.22950086e+00 -6.41692163e-02]
 [-5.46168815e-01  3.14820970e-01 -6.05812848e-01 -5.73129216e-01 -6.07740630e-01 -2.29542420e+00  1.05499478e-01 -1.26383536e+00 -1.07269121e-01  1.44996878e+00 -5.21000323e-01 -5.42009158e-01
   1.36390938e+00  5.46305765e-01  9.76527097e-01 -3.55291234e-01  7.48083213e-01 -6.86168589e-01 -6.76001726e-01  5.96244278e-01 -5.98373171e-01  7.67118543e-01  2.39168454e+00 -1.68615254e+00
  -7.52204376e-01  1.12014618e+00 -1.45078169e-01  1.16108985e+00 -1.01006427e+00  3.31344178e-01 -1.50556318e-01  1.40370723e-01]
 [ 3.31116019e-01 -1.22000636e+00 -1.07413749e+00  1.39924401e+00  2.93213712e-01  1.06346333e-01 -4.40747226e-02  3.56542499e-01 -1.15593674e+00 -9.99027332e-01  1.30450825e+00  1.51275222e-01
   8.50300874e-01 -6.05664007e-01  1.37672538e+00  3.45278405e-01  4.81245819e-01  5.48729338e-01 -7.97009239e-01 -1.86572086e+00 -1.07480267e+00  1.63052286e+00  1.30068397e+00 -3.46921368e-01
  -3.01676327e-01  1.03660588e+00 -1.68409873e-01 -1.29925987e+00  1.26554309e+00  4.77178578e-01 -2.51633972e+00 -3.13190106e-01]
 [ 1.43670203e-01  4.81246827e-01  1.52151189e-01 -6.35741797e-01 -1.15759044e-01  2.94800318e-01 -2.68004086e-01 -3.71900720e-01  1.25208394e+00 -9.46607685e-01 -3.49463471e-01 -2.03126901e+00
   5.40969963e-01  8.28264460e-01  5.48486833e-01  9.17672487e-01  4.40706745e-01  3.42515391e-01  4.73947067e-01 -2.67308432e-01  1.18832786e+00 -3.48572065e-01 -1.46235193e+00  8.49783614e-01
   1.85070278e+00 -9.60151119e-01 -1.01631130e-01 -6.85442011e-01 -3.80583250e-01  4.60929718e-02 -1.24180845e+00 -2.77653671e-01]
 [-1.46596739e+00 -5.68227638e-01 -1.18606965e+00 -1.05906070e+00 -1.71991068e+00  1.21935459e+00  5.09059085e-01 -1.91746404e+00 -5.96827594e-01 -6.70438600e-01 -6.90944128e-01 -1.44688351e+00
   7.54385721e-01 -3.95863786e-01  4.68148909e-01  5.26755765e-01  1.37544531e+00 -1.81487228e+00  1.73860211e+00  1.26881527e+00  5.73065992e-01  2.38359223e+00  2.04978598e-01  8.21478916e-01
  -7.38413981e-01  1.13435741e+00  1.67825970e-01 -4.51200145e-01  2.11693920e+00 -3.04799665e-01  8.86132761e-03 -1.97279957e-01]
 [-7.55670913e-01  5.31272401e-01  7.38409604e-01  3.54372528e-01 -2.36057826e+00  1.00799700e+00 -3.50238350e-01 -1.21632341e+00  6.03280959e-01  5.62849420e-01 -1.04307370e+00  2.47243568e+00
  -1.20962655e+00 -1.73300270e+00 -1.15417143e+00  1.42079984e+00 -1.75856726e-01 -3.72056688e-01 -6.21577211e-02 -5.96613908e-01 -6.90263413e-01 -6.41215494e-01  7.07955523e-01  1.02045589e+00
  -1.05509256e+00  2.39227972e-01  7.88207241e-01 -1.08175195e+00 -5.02566592e-01 -1.03806416e+00 -1.29102854e+00  1.01862869e-01]
 [-7.36132371e-01  6.31129089e-01 -2.94219226e-02  4.12627355e-01 -2.92282913e-01 -6.34997383e-01 -9.06731351e-02 -4.99613028e-03 -7.05855495e-01  4.26595455e-01  7.46594856e-01  1.58082705e-01
   1.71349089e+00 -6.32339010e-01  5.20596418e-01 -4.08734801e-01  2.34629504e-01 -8.29949340e-01  1.11512338e+00  1.76020906e-01  1.19224450e+00 -1.26609558e+00 -4.93515209e-01 -8.92565800e-01
  -5.31941865e-01 -6.92609697e-01 -1.20540934e-01 -1.72471437e-02 -4.09848647e-02 -5.55523874e-01  1.87425178e-01  8.75615496e-01]
 [-9.02275566e-01  8.88625002e-04 -7.40708892e-02  4.68354634e-01 -6.38585848e-02 -1.56648036e-02 -9.91095782e-01  2.17038391e-02 -9.21884489e-01  5.15704248e-01 -1.03218934e-01  3.98584176e-02
  -8.91190367e-01  8.03757580e-01  6.92313909e-01  8.61523929e-01  2.22738608e+00 -5.25193823e-02  1.20340284e+00 -1.23827806e-01  3.94087296e-01  3.65337428e-01  2.64591763e-01  6.58256179e-01
  -3.03936380e-01  4.09322816e-02  5.35309647e-01  1.74785390e+00 -8.42356669e-01 -1.80613262e+00 -4.84085491e-01  8.99284330e-02]
 [ 1.74977093e-01  9.22177858e-02  1.18279012e+00  9.76049793e-01 -4.92679050e-02 -4.69547123e-01 -3.46008881e-01 -3.56304153e-01 -2.25599474e-01 -1.57265056e+00 -4.61040744e-01 -4.24880021e-01
  -1.88880386e-01 -2.54300012e-01  6.72007142e-01 -5.31943356e-01 -4.38577701e-01  5.41938755e-01 -2.35314847e-01  2.16454727e-01  6.69335698e-01  4.21969495e-01  2.50162448e-01 -1.96441558e-01
   6.81894103e-01  1.75549941e-01 -5.04852751e-01 -1.50809187e-01 -1.21812938e+00 -9.61555974e-01 -1.88290804e+00 -6.79931382e-01]
 [ 1.33554542e+00 -5.56488840e-01  7.87540817e-01 -3.44985422e-03 -7.00548823e-01  1.33827952e+00  5.82205849e-01 -1.75180057e+00  1.04140220e+00 -1.07479150e+00 -1.77913947e-01  6.68113422e-01
  -2.99853161e-01  1.11894406e+00  7.61263761e-01 -1.57687561e+00 -4.72434156e-01  2.82073733e-01 -5.74998681e-01 -2.16276506e-01  7.99784911e-01  3.16781307e-01 -9.20619035e-01  1.74606369e-01
  -6.12269635e-01 -1.21519236e+00 -1.13005585e+00  2.86955537e-01 -2.81137060e-02  5.43180856e-03 -1.14620905e+00 -1.83929550e-01]
 [-1.03716761e+00 -9.26393834e-01 -1.65126757e-01 -1.38339045e+00  6.69267266e-01  2.48688285e+00  4.58823249e-01 -1.04290314e+00 -2.71185514e-01 -1.55543794e+00 -3.77616381e-01  5.07313936e-01
   5.89384766e-01 -1.03174275e+00  2.99145653e-01  1.15640803e+00  1.75509159e+00 -7.00794883e-01 -8.64200012e-01  5.44158691e-02 -2.92809017e+00 -5.31034001e-01 -2.70974969e-01 -4.59341988e-01
  -1.58387323e+00 -2.45551108e-01 -7.76608620e-01  7.57483058e-01 -9.18474817e-01 -2.82345130e-01 -2.32947925e-01  5.67571421e-01]
 [-2.54590460e+00 -3.40624936e-01  7.59615149e-01 -3.61688237e-01 -1.52693697e+00  3.26598173e-01  3.36686906e-01 -2.70489392e-01 -1.15979571e+00 -7.40675146e-01 -3.13756509e-01 -8.75532856e-01
  -1.92017835e+00 -7.69286799e-01 -6.17439345e-02 -5.07060067e-01 -7.55728391e-02  8.36579790e-02  8.96575500e-01  2.20382412e+00  7.31778840e-01 -1.40432855e+00 -2.65694495e+00 -9.44621687e-02
   7.13884353e-02 -1.16187331e+00  2.72032137e-01 -7.66939588e-01  4.02669733e-01 -3.25518173e-01  3.97462591e-01 -1.74319519e+00]
 [-4.38466875e-01 -1.48596006e-01 -1.42487473e+00  1.88233826e+00 -5.40773412e-01  1.38997173e+00 -6.64342091e-01 -2.29971155e-01  1.18390191e+00  3.03826845e-01  1.92054350e-01  2.65943448e-01
  -1.36615788e+00 -3.89553474e-01 -9.56445654e-01  1.97413652e-01 -5.43998130e-01 -4.40591215e-02 -7.72925633e-02 -3.63703849e-02 -3.47471219e-02 -6.52378106e-01 -1.05400280e+00 -6.64356309e-01
   1.07153834e+00  3.74161806e-01  5.86955361e-01  1.37996792e+00 -1.17943093e+00  5.09952421e-01 -1.07507411e+00 -3.34332599e-01]]

W_int8 (K x N) =
[[   4   -4   21    3  -17   12   42   31  -23  -41  -20    1  -76   -7  -41  -24  -18  -10   13   34   -4   45  -22   11   29    3  -24  -30  -15    7  -33   -7]
 [  -5   18    7   12  -21   -4   26   49  -41   49   44   25    9  -10   47   64   59   43   12  -39    0   21  -42   13   14   23  -39  -22  -14  -38   57  -16]
 [  11   -8   52   43   21  -72    2   22   33  -20   59  -43  -22   30    2   65    6  -21  -12  -36  -42   21   19   42  -25   55   -9   51  -14  -24    8   34]
 [   5  -19  -44  -46   16   32   -5  -35   28  -42  -23   20  -73   13  -19    4   -2    7   23  -25   46   24   27   38   26   27    2  -46   -4  -25  -46    8]
 [ -19  -34  -34    9   12   43    0   34   46   37  -77   40   11   14   12   12   10  -12  -62   -4  -26   35   -9    3  -28  -17    0  -48   10   -3  -39  -78]
 [  17  -10  -17   -8   59   -2    3  -48   54   30   35    2   30   12   20   -5  -48   34  -63   -8   -7  -34   20   -7  -14   17  -16   45   11  -15  -63  -43]
 [  35   -2   -9   54  -42  -19  -15   19  -22  -20  -52   24   26  -16    5  -42  -15   45    4   75  -26   19   -6   18    0  -18  -28  100   -3  -66  -21   22]
 [ -16   44   33   -5  -15  -33  -23  -48   39   52  -41  -38  -58  -31 -101  -37   42  -11   28  -16   57    6  -12   83  -11  -40    7   -1   35  -30   26   28]
 [ -22    5  -27   76  -23  -15  -35  -11    0   25  -20   -6  -46  -27   90   34  -25  -44  -32   -1    1  -24  -42   46   15  -12   -7  -17  -96    4  -35  -33]
 [ -21   24  -38  -47   21   25  -31   18   -9   10  -41   27   39   21   18 -123    8   -1   -5  -21    2   13   -9  -15   40  -36   34    6  -26   -9  -30   22]
 [  11  -18  -36   10   31   -4   14  -12    2   -9   10  -49   21   -7   12  -11   10  -35   39  -55  -34    8   48    9   -8  -46   -6   -1   55   20  -50   66]
 [ -13  -29   48   -2  -12    7   28   32  -45   65   31  -12  -27  -32    4  -21  -25   26   12  -13   24   45  -36  -20   31   23    7   38  -35  -48  -28    4]
 [ -26  -16  -32  -20  -33   12   26  -16   -7  -19   17    3   52  -36   12   14  -12   19  -47   69  -44   30  -37   37  -13    5    2   36  -10  -97  -25    6]
 [ -14   25   33   -5  -49   45   35  -10   69  -11  -37   -5   35  -31   64  -29   31   18   -5   35  -49   44   -2  -18   24   35   25   65   35   42  -18    3]
 [  18   -1   10   14   27   -3  -11  -27  -29   38   -3   26  -42  -63  -34   37   35   11  -26   -4  -10  -11  -82  -28   -6   49    5   46  -13   -8 -127   15]
 [  18   57  -16    3  -23  -38  -23  -11   44    0  -26    5    7  -22   37  -62   -7   22  -44   12   42   15  -55  -24   40   10    0   14   23  -23   -9    5]
 [ -18   -4   42  -32   63   61  -56   -5   11  -25  -24   -8   24  -17   59    9   -3   47   20   12  -11   59   26   -7  -51   12  -37  -56   -9    9   42    9]
 [  26  -40   -1    4   28    4   26  -16   12   14  -41    6  -10  -62   31  -12  -28  -12    5   49   -5   15   45   17   35  -16   25   -2   35  -33  -25   41]
 [  -6  -12    3  -22   43  -41   -5   11   -3  -26  -28   14  -34   21  -50  -18    1  -41   21   -1  -34  -49  -51    2  -38  -44   -8   74    9   25    7   26]
 [ -44  -14    9   -1   -6  -22   -8  -25  -79  -39   15   51   59    3   29   30  -23  -55    1  -57  -10   20  -46    1   40   12   17   30   56    5   40   -2]
 [ -18   10  -20  -19  -20  -75    3  -41   -3   47  -17  -18   44   18   32  -12   24  -22  -22   19  -19   25   78  -55  -24   36   -5   38  -33   11   -5    5]
 [  11  -40  -35   46   10    3   -1   12  -38  -33   42    5   28  -20   45   11   16   18  -26  -61  -35   53   42  -11  -10   34   -5  -42   41   16  -82  -10]
 [   5   16    5  -21   -4   10   -9  -12   41  -31  -11  -66   18   27   18   30   14   11   15   -9   39  -11  -48   28   60  -31   -3  -22  -12    2  -40   -9]
 [ -48  -19  -39  -34  -56   40   17  -62  -19  -22  -23  -47   25  -13   15   17   45  -59   57   41   19   78    7   27  -24   37    5  -15   69  -10    0   -6]
 [ -25   17   24   12  -77   33  -11  -40   20   18  -34   81  -39  -56  -38   46   -6  -12   -2  -19  -22  -21   23   33  -34    8   26  -35  -16  -34  -42    3]
 [ -24   21   -1   13  -10  -21   -3    0  -23   14   24    5   56  -21   17  -13    8  -27   36    6   39  -41  -16  -29  -17  -23   -4   -1   -1  -18    6   29]
 [ -29    0   -2   15   -2   -1  -32    1  -30   17   -3    1  -29   26   23   28   73   -2   39   -4   13   12    9   21  -10    1   17   57  -27  -59  -16    3]
 [   6    3   39   32   -2  -15  -11  -12   -7  -51  -15  -14   -6   -8   22  -17  -14   18   -8    7   22   14    8   -6   22    6  -16   -5  -40  -31  -61  -22]
 [  43  -18   26    0  -23   44   19  -57   34  -35   -6   22  -10   36   25  -51  -15    9  -19   -7   26   10  -30    6  -20  -40  -37    9   -1    0  -37   -6]
 [ -34  -30   -5  -45   22   81   15  -34   -9  -51  -12   17   19  -34   10   38   57  -23  -28    2  -95  -17   -9  -15  -52   -8  -25   25  -30   -9   -8   18]
 [ -83  -11   25  -12  -50   11   11   -9  -38  -24  -10  -29  -63  -25   -2  -17   -2    3   29   72   24  -46  -87   -3    2  -38    9  -25   13  -11   13  -57]
 [ -14   -5  -46   61  -18   45  -22   -7   39   10    6    9  -44  -13  -31    6  -18   -1   -3   -1   -1  -21  -34  -22   35   12   19   45  -38   17  -35  -11]]

X_real (K x M) =
[[ 4.84239843e-01  1.61434527e+00 -7.82164942e-01 -9.47962536e-02  1.15623680e+00 -1.48980812e+00  3.62112915e-01 -3.08278150e-01 -8.81694971e-01  1.46630823e-01  5.94925862e-01 -9.12099762e-01
   3.79989782e-01  1.73369990e-01 -1.24181331e+00  1.55341287e+00  1.08990267e+00 -8.59926748e-01 -5.86630883e-01  7.70780234e-01 -4.95449047e-01 -1.83971861e+00  1.04888211e+00  8.78142297e-03
   1.90702619e+00  3.57467123e-01  1.90992489e-01  2.87450048e+00 -1.71867346e-01 -9.51815765e-01  2.29197980e-01  1.13575490e+00]
 [-1.16512014e+00 -9.08265109e-01  4.49777098e-01 -3.19734539e+00 -1.09267866e+00  7.95484082e-01 -5.86739916e-01 -1.62648313e+00  1.92556666e+00 -1.41053516e+00 -5.23365547e-01 -3.72731499e-01
   8.31443940e-02 -3.69505202e-01 -8.09650786e-02  5.74945791e-02 -8.66764288e-02  9.32738407e-02 -2.37892569e+00  4.41064698e-01 -1.40445670e+00 -2.16664551e+00  1.38134791e+00 -1.28551528e+00
   1.79869106e-01 -7.72561487e-01 -6.78466216e-01  4.83654769e-01 -1.04822496e+00  3.72674275e-01  3.80692476e-01  1.16444791e+00]
 [-3.36213220e-01  1.04658225e+00  1.72069471e+00  1.58668228e+00  5.86076957e-01  4.49166072e-01  2.84945496e+00  2.23217596e+00 -7.66617284e-01  9.23609036e-01  6.01959232e-01  7.22674615e-02
   1.53312298e-01  4.87785112e-01  9.37358477e-01  2.18769862e-01  3.39793715e-01  1.39214031e+00  3.17720243e-01  5.45022482e-01  9.90230097e-01  1.63326242e+00  1.22704093e+00  3.77214953e-01
   2.07815454e-01 -1.22360358e+00  2.92062544e-01 -1.03716976e+00 -1.02403944e+00  6.50508927e-01 -1.00577184e-01  4.72209496e-01]
 [-6.26963117e-01  1.20120401e+00  1.43772180e-01  1.18772833e+00  6.73440490e-01  1.65249039e-01 -4.78527411e-01  3.15075776e-02  8.28010485e-01  6.97657734e-01 -1.19558465e+00  1.02568205e+00
  -2.13907941e-01  8.15263721e-01 -6.97488261e-01  6.37855288e-01 -7.96591883e-01  1.29356832e-01 -2.98029807e-01 -2.85572567e-01 -5.66587244e-01 -1.53579096e-01 -1.74063469e+00  8.76599693e-01
   9.61686587e-01 -4.42773873e-01 -1.37975463e+00 -6.46709270e-01  9.47614330e-01  6.25520773e-01 -3.00353561e-01  8.97274780e-01]
 [-1.04148076e+00 -6.12636331e-01  4.74607247e-01 -9.59133297e-02 -5.89225699e-01 -2.51212773e+00  6.71216335e-01  3.23721813e-01 -1.74292233e+00  6.00325686e-01 -1.43637588e-02  2.78834777e-01
   9.45193207e-01 -7.39886805e-01  7.13564214e-01  6.83854152e-01  7.61515739e-01  1.63595578e+00  6.58734843e-01 -5.61557710e-01  1.79838442e+00 -1.10731255e+00 -4.62723594e-01 -9.64469711e-01
  -1.02760800e-01  1.08221928e+00  1.29778596e+00  4.63517416e-01 -6.09391064e-01 -5.53620598e-01 -6.03196137e-01  9.52840682e-01]
 [-9.06539326e-01  8.64526275e-01 -3.25940716e-02  1.72051072e-01  1.51171838e+00 -4.75334014e-01  1.66172860e+00 -1.40945266e+00 -8.24763694e-01 -1.57839140e+00 -7.46781884e-01  5.82882097e-01
   7.37729065e-01  3.06775303e-01  2.67091962e-01 -1.17332698e+00 -1.32683183e+00  3.03890007e-01  1.34780698e+00 -3.64134760e-01 -1.26855962e+00 -1.53328048e+00 -6.80651715e-01  1.57954382e+00
  -2.07739538e-01 -1.03794337e+00 -6.09470844e-01 -4.83544971e-01  2.65613415e-01 -6.60016454e-01 -8.89939575e-01 -1.88016985e-01]
 [ 4.68670325e-01  7.17043768e-01  5.50532016e-01 -4.57496930e-01 -1.69507702e+00 -7.98516143e-01  2.84081393e-01 -1.33363529e+00  2.52619223e-01 -5.89975949e-01 -5.82163954e-01  1.11950701e+00
   2.18732630e-01  1.37025617e+00 -9.39252988e-01  1.13074119e+00  9.09080410e-01 -2.99500278e+00 -8.82707118e-02  1.54222441e+00  7.78057381e-01 -4.41321157e-01 -2.32790391e-01 -1.30304878e+00
   2.06292490e-01 -1.79317208e+00 -1.01530674e+00  1.11916436e+00 -2.05650439e-02 -3.63426049e-01 -1.05911123e-01  2.74189401e+00]
 [ 1.03518799e+00 -7.75641375e-01  1.66674975e+00 -8.87949379e-02  7.39716933e-01 -5.86630453e-01 -9.37855988e-01  8.01912661e-01 -7.68886749e-01 -7.81318115e-01  8.97834299e-01 -1.16206903e+00
  -1.41925200e+00  5.45054396e-01 -1.95988162e+00 -7.51725657e-01 -3.65646112e-01 -1.34530699e+00 -1.11739052e+00  6.65872928e-01  2.92453066e-01 -9.45711468e-01  5.29485566e-01  1.51927844e+00
  -1.28241781e+00  6.12557948e-02  1.97665135e+00  6.11159889e-01  8.13385124e-01 -2.00152671e-01 -7.97963756e-01  1.14337169e+00]
 [ 6.53724944e-01 -5.15231852e-02 -4.65335725e-01 -1.74772523e+00  1.55906229e-01 -6.91712765e-01 -1.31854268e-01  6.70975384e-01  8.20002706e-01  7.19000969e-01  2.25506433e+00  1.16511853e+00
  -7.46078176e-01 -8.18301924e-01  2.32815072e+00 -6.63326158e-01 -4.41353425e-02  1.74485909e+00  1.71531587e+00 -5.46320292e-02  2.41943082e-01 -1.63510930e+00 -9.08348701e-01 -3.65259130e-01
  -5.66016949e-03 -3.23320476e-01  1.52293982e-01  2.19270151e+00  4.64340861e-01  3.08707188e-01  1.82635589e-03 -1.71907605e-01]
 [ 1.23294460e+00 -9.91261431e-01 -1.25579525e-01 -1.09577723e+00  8.71297019e-02  1.19050322e-01  9.20506508e-01  1.19766162e+00  6.63064333e-01  1.62225929e+00  1.58850327e+00  3.15358688e-01
   3.73346863e-01 -1.93628169e+00  3.20243205e-01 -5.09155388e-03 -1.68849521e+00 -4.31386032e-01  9.57423967e-01 -1.23877433e+00  1.29295116e+00  4.74799319e-01 -2.28388090e-01 -1.42327287e-01
   8.29927104e-01 -1.43139428e+00  2.04076194e+00 -8.13419530e-01 -7.65283242e-01  1.22076820e+00  7.90052335e-01  1.32539170e+00]
 [ 1.04598107e+00  3.76395929e-01 -1.27638415e+00 -4.72839910e-01  1.98439365e-01 -1.71825705e-02 -2.05278282e+00  1.04440536e+00  1.73114246e+00  1.46409520e+00 -1.01785963e+00  4.35966780e-01
  -2.12649808e+00  1.69001814e+00 -1.93987691e+00  4.10508763e-01  1.16257969e+00  1.29132173e+00  3.43970515e-01 -1.42565005e+00 -1.01175793e-01 -2.68318474e-01  3.68359159e-01  9.87745984e-01
   6.62040882e-01  2.12161656e+00  6.61050855e-01 -3.88817508e-01  1.62997955e+00 -3.14528065e-01  2.81863511e-01  1.80777926e-01]
 [-2.29323136e+00  2.76819953e-01  2.89439954e-01 -2.09705055e-01 -1.41286975e-01 -1.28440349e+00  8.24633088e-02  1.50292549e+00 -1.77269568e-01 -5.22125751e-01 -6.07728895e-01  2.01708791e+00
  -1.35524349e+00  8.44949767e-01  1.11411805e-01  1.92089642e+00  1.31126542e+00 -8.83180260e-02 -1.54146864e+00  1.42963984e+00  1.45804367e+00 -1.10490199e+00  7.45233497e-01 -8.00766549e-01
  -7.76190306e-01 -1.60931342e+00  9.32905227e-01  2.71128426e-01  4.94499731e-01  1.45247494e+00  6.68624637e-01  5.84562757e-01]
 [ 7.49273879e-01 -1.06457184e+00 -3.44651346e-02 -1.20626155e+00 -8.99913111e-01 -9.18165015e-02  1.06188762e+00  2.05821401e+00 -1.08519316e+00  1.73330416e-01 -7.09104362e-02  5.27235622e-01
   5.82409882e-01  3.62421164e-01 -9.67176542e-01  3.94675423e-01  8.92326713e-01 -5.13390832e-01  1.97816492e+00 -2.34913182e-01 -6.33860198e-01  2.96379038e-01 -2.57589484e-01 -1.36717281e+00
  -2.61567865e-02  1.59570244e+00  2.00253232e+00 -5.67041460e-01  9.05274604e-01  1.32529455e-01  2.83886630e-01  1.26737121e+00]
 [ 8.52071528e-01  1.54320416e-01 -9.28744286e-01 -1.12398084e+00 -6.40181104e-02  3.23613327e-01  5.03171892e-01  7.81969353e-01  9.79585129e-01 -2.40307670e+00  9.03440333e-01 -1.04744778e+00
   1.11406857e+00  3.36644328e-01  6.30559818e-01 -5.40925748e-01  2.82651321e-01 -1.86721258e+00  1.09524662e+00 -3.30838739e-01 -2.58908029e+00  1.06148355e+00  1.67677373e+00 -8.76129516e-01
   1.21270989e+00 -7.49755451e-01 -2.26652063e+00 -3.57892474e-01  3.26136452e-01  1.33551129e-01  1.03597949e-01  2.96422858e-01]
 [ 2.16555664e-01 -2.16038303e-01 -6.01381373e-01 -2.65800848e-01 -3.51672566e-01 -3.02922623e-01 -1.10295343e+00 -5.42594385e-01  8.22261888e-02  3.09418910e-01 -6.40289475e-02 -1.83659914e-01
   5.34449874e-01  8.14468661e-01  6.80079879e-01 -1.74990909e+00 -4.55405091e-01  7.05654587e-01  5.15397324e-01  6.79810601e-01  3.14351508e-01 -8.53536802e-01  1.22256453e+00 -1.35958887e+00
   9.85757792e-01 -1.63751312e-02 -1.47265422e+00 -3.96158801e-01  1.20375175e+00 -5.88401670e-01 -1.21060240e+00 -2.88790284e-01]
 [-8.18074959e-01 -1.25059998e+00  4.37537752e-01  7.98172308e-01 -5.51731417e-01  5.23622924e-01 -3.87027015e-01 -9.97141292e-02  1.23402411e-01  1.49328354e+00  5.07558865e-01 -9.99113109e-01
   5.15829236e-01 -2.21188270e-01 -4.66360409e-01 -8.39761358e-01 -2.62602626e-02 -6.01324353e-02 -4.02182365e-01 -1.39114734e+00 -1.70717229e+00  1.27984492e-01  1.78204753e-01  2.18312869e+00
  -1.78663009e-01  1.02142408e+00  1.19520372e+00 -6.10667554e-02  7.68010034e-02 -4.29843737e-01  1.77515921e+00 -1.50843217e+00]
 [-3.96461486e-02  1.38412299e+00 -1.07680063e-01 -5.70937500e-01  2.32882637e-01  5.26988013e-01  5.67443074e-01  2.81643315e-01  7.50091120e-01  9.45701056e-01 -1.10688291e+00 -3.78891825e-01
   8.69691326e-01  4.88620024e-01  2.34600108e-01  6.72478892e-01  9.52153735e-01 -8.58047059e-01 -1.22694441e+00 -1.15368146e+00  1.85867413e+00 -1.05443257e+00 -2.34587123e-01 -1.85478299e-01
   1.03106017e+00 -1.73832110e+00 -3.92682110e-02  1.21438835e+00  1.11489976e+00  4.09311994e-01 -2.60939087e-01  1.75768345e+00]
 [-1.67194718e+00  9.80985275e-01  5.08177889e-01  5.91036684e-01  2.65808830e-01  2.05180147e-01  9.30787996e-01 -1.15304479e+00 -1.24655195e+00  1.62453235e-01  5.21507917e-02  1.63660162e-01
   1.59043298e+00 -5.79309354e-01  7.51318761e-01  3.84447704e-01  2.36656240e+00 -1.40218665e+00 -5.46007118e-01 -4.56790034e-01  1.32060290e+00 -8.19918571e-01  1.65794300e+00  1.59810831e+00
   8.65612651e-01  4.37376040e-01 -1.55617819e+00  1.82149507e-01 -1.43067166e+00 -3.62626390e-01  2.03100733e-01 -3.08871379e-01]
 [ 9.50805622e-01 -1.29176147e-01 -1.54858222e+00 -1.06005723e+00 -1.27390839e+00 -3.16430378e-01  1.24758486e+00  5.05746048e-01  3.39509472e-01 -1.28538139e+00  2.36916385e+00 -2.82631622e-02
   2.41691267e+00 -8.67421446e-01 -5.67846481e-01  2.59966149e+00 -1.07499398e+00  4.18705821e-01 -3.38205274e-01 -8.13412340e-01  2.16107960e+00 -1.00413105e+00  8.97435002e-01  1.10431260e+00
  -1.01180146e+00 -1.89722529e+00 -1.78063990e+00 -7.99583468e-01  2.22664669e-01  3.35442131e-01 -1.89046574e-01 -1.05306585e-01]
 [ 9.74047358e-01  7.68152978e-01  3.78754225e-01 -6.16967118e-01  7.77572779e-01  1.81209677e-01 -7.47835147e-01 -5.76895877e-01  1.22864776e+00  1.84538196e+00 -5.29726732e-01 -2.07806815e+00
   5.87463717e-01 -9.03262826e-01  7.32498161e-01 -3.75957278e-01  2.22959848e+00  1.12244505e-01  9.02850701e-01 -1.21505373e+00 -2.81929144e+00  1.35331118e-01  2.61963090e-01  7.20299636e-01
  -5.53811454e-01 -1.29183850e+00 -1.60049538e+00  5.53140915e-01  7.10290926e-01 -8.75758328e-01 -5.28034620e-01 -7.28185442e-01]
 [-1.89520748e+00  1.99115609e-01  8.46016117e-01 -2.23349711e-01 -1.42247230e+00 -1.98321883e-01  1.36442269e+00  2.12990606e+00  2.69097139e-01 -7.88941029e-01 -1.98557546e+00 -1.54593609e+00
  -8.88875502e-02  2.25765430e-01  2.56639924e-01 -2.62977465e-01 -1.54322210e+00 -1.57645593e+00  1.47324364e-01 -8.24567882e-01  1.30483554e+00 -1.45891275e+00  1.68709792e+00 -6.66496182e-01
   2.23189001e-01  2.23161929e-01 -3.44007550e-01 -2.01348284e+00 -4.82395386e-01  1.52246020e+00 -1.28079328e+00 -1.84210915e+00]
 [-2.18873497e-01 -4.12387065e-01 -1.29284176e+00 -7.52572715e-01 -4.81079083e-01 -4.12874463e-01  1.62773822e-01  7.06663252e-01  3.87074905e-01  3.41748735e-01  1.68014296e+00  1.09530323e+00
  -2.91284015e+00 -3.63161844e-01 -1.57655019e+00 -6.89136464e-01  7.71073865e-01 -2.01186124e-01 -4.28389263e-01  1.31697153e+00 -1.50377794e+00 -9.38143501e-02  5.48758859e-01  2.41347046e-02
  -1.16327521e+00 -2.25675633e-02  8.07512175e-01  3.57249973e-01  3.17691426e-01  3.07448030e-01  1.35191692e-01 -1.24126080e+00]
 [-3.09102186e-01  4.30837693e-01 -3.11450920e+00  7.57177966e-01  3.37424462e-01 -1.08417971e+00 -7.46350100e-01 -2.03841296e-01  4.13434959e-01 -3.74026647e-01  1.16700311e+00  4.13125612e-01
  -7.86571406e-01 -4.71181919e-01  2.27579623e-01  7.28374032e-01  6.80015476e-01 -9.75937517e-02  1.49495048e-01 -2.51010414e-02  8.21989925e-01 -9.86244516e-01  6.02842693e-01 -1.85240306e+00
   4.51032959e-01  2.56212816e-01 -3.74151911e-04 -2.13260933e+00  1.56672407e+00  8.98411145e-01  2.54483331e-02  4.58707331e-01]
 [-9.39382151e-01  5.12273153e-01  1.56008715e+00 -1.17808559e+00  2.69275748e+00 -4.36928960e-01  8.27407873e-01 -8.26110782e-01  3.90405633e-01 -1.27393939e+00 -6.58994014e-01 -2.28577280e-01
  -6.55821610e-01 -2.41429967e-01  9.75952864e-01 -1.27708522e+00 -1.19575317e+00  4.70592549e-02 -5.64189671e-01 -1.00374906e+00  1.32032790e-01 -5.64366856e-01  3.36140196e-01 -3.97600715e-02
  -2.01214902e-01 -6.82399578e-02  1.02324041e+00  1.31410450e+00 -1.59604289e-01 -1.02996757e+00 -1.51129160e+00 -2.23357815e+00]
 [-1.17595595e+00 -8.52319702e-01 -5.25355489e-02 -1.88053883e+00  1.42969120e+00  1.06355575e+00  1.24517036e+00 -5.12890215e-01  2.44001261e-01 -9.47364319e-01  1.54980957e+00 -1.21302506e+00
  -5.13625323e-01  1.42341588e+00  2.48981211e+00 -9.17264789e-02 -4.14234226e-01 -2.50713194e+00  1.71045202e+00  3.08182178e-01 -1.88394082e+00  8.71356893e-01  6.13881282e-01 -3.54399623e-01
  -5.57836369e-01  7.30125325e-01  2.33945334e-01  4.86833642e-01  1.22649473e+00  1.19318995e+00  7.60513105e-01  5.85284704e-01]
 [-1.27818472e+00 -1.11545917e+00  8.18522718e-01  6.47202778e-01  5.18181741e-01  8.40347190e-01 -5.54003347e-01  5.64923432e-01 -9.88881012e-01  6.23801402e-02  9.29325950e-01 -6.76864468e-01
   1.95290793e+00  1.13407949e+00  1.37210715e+00 -2.11156401e-01 -1.38894944e+00 -6.98589831e-01  5.51666972e-01 -2.79003033e-01  7.21365168e-01  1.50454917e-01 -5.89753753e-01  9.34215289e-01
   1.35174470e+00 -7.32149212e-01  5.11907622e-01  1.56594179e-01  2.80879660e-01 -1.04107466e-01 -1.25268143e+00  1.40952376e+00]
 [-1.04359187e+00 -8.70626338e-01  6.56270592e-01  1.79874800e-01 -7.96037042e-01 -6.57547376e-01 -1.58697491e-01 -4.36082180e-01  6.46526324e-01 -1.16421912e+00  3.63320679e-01  1.53053482e+00
   2.01362193e-01 -8.88293408e-01 -7.23038482e-01  4.36644761e-02 -6.24214087e-01  1.23460227e+00 -1.84038370e+00  1.63896282e+00 -2.02498981e+00 -4.10088733e-02 -1.08297220e+00  8.20183239e-01
  -7.74033677e-01 -1.13306785e+00 -3.40024982e-01 -4.11008704e-01 -1.93503013e+00  4.54516144e-01 -2.39262549e+00  1.17633731e+00]
 [-3.30064875e-01  9.53006779e-01 -6.00558185e-01 -7.93107067e-01  6.51748141e-01 -5.84139758e-01 -1.54760608e+00 -8.70768757e-02 -1.37706961e+00 -1.29072222e-02  1.37893950e+00  9.62668375e-01
   1.85173114e-03 -1.65718728e-01 -3.16785396e-01 -6.37545396e-01  3.55073883e-01 -1.57885096e-01 -3.81699152e-01  2.70047740e-01 -2.01837673e+00  1.95648018e+00  6.30133843e-01 -1.39376332e+00
   1.15046511e-01 -1.12908515e+00 -5.39268341e-01 -8.95109423e-01  1.09186083e+00 -1.92073347e+00 -3.54393403e-01 -1.64906296e+00]
 [-2.04496213e-02 -3.17708018e-01 -1.40671992e+00  1.43973441e+00  1.56344292e+00 -5.64182503e-01  5.21928192e-01 -1.48806679e-01  2.43440708e-01  1.53213096e+00 -2.68640614e-01  1.79216748e+00
  -2.88194853e-01 -9.35539343e-02  1.88931744e+00  2.75217197e-01 -2.03194163e+00  2.24802875e-01 -1.28185323e+00 -1.66260289e+00 -9.42642864e-01  3.26080381e-01 -1.11336765e+00 -1.40125851e+00
  -3.79761532e-01  4.04610648e-01 -6.96378284e-01 -1.30643639e+00 -2.17269261e+00 -7.76202488e-01  8.44308442e-01  1.00209022e+00]
 [ 7.89811452e-01 -1.75291242e-01  1.29351384e-01  1.26770345e+00 -8.68677427e-01  3.64075576e-01 -1.87089640e+00  6.82297662e-01 -4.51043039e-01 -1.15563144e+00  7.72833948e-01 -1.11123495e+00
  -8.67281678e-01  1.53681842e+00 -1.04602508e+00 -6.56005027e-01 -6.83254494e-01  7.84800952e-01 -1.83591170e+00  1.25039568e+00 -2.43353864e-01 -3.16866355e-01 -8.96681417e-01 -1.45451328e-01
   1.47039352e+00  2.12852386e-01 -9.32540192e-01 -3.47355163e-01  5.34453067e-01  8.53250722e-02 -2.57310592e-01  6.04572913e-01]
 [ 3.61086685e-01 -1.07771601e+00 -1.91491635e+00  5.00488203e-01  1.85744412e+00 -8.20731394e-01 -1.41011717e-01  1.35408138e+00  1.73963397e+00  6.52358877e-02  1.24972527e+00  7.50633971e-01
  -5.55815730e-01 -2.01881162e+00 -9.09427562e-01  3.69229331e-01  4.19254834e-01 -5.02244552e-01 -8.57699959e-01 -1.60030524e+00 -1.68033368e+00 -1.22120120e-01 -1.57473392e+00 -1.51059897e-02
  -7.97980872e-01 -4.26164543e-01  2.12536769e+00  4.82625296e-02 -3.43552918e-01 -1.73335833e-01 -1.47365721e+00  1.33914926e+00]
 [ 8.47816419e-01 -5.31995132e-01  2.29288169e-01 -6.71577726e-01  3.96281230e-01 -1.34297272e+00  2.67470703e-01  1.50126984e+00  4.46281274e-01 -5.90089387e-01  9.49769979e-01  1.95054300e+00
   7.30934033e-01  9.72340129e-02 -8.02218327e-01  4.35639029e-01  1.92226674e+00 -2.01688017e+00  9.77289422e-01  1.47791874e-01  1.51335668e+00 -1.27935016e-01 -2.16372250e+00  1.99143739e+00
  -1.15938289e+00  8.00320222e-01 -1.27570284e-01 -3.95862956e-02  1.37623857e-01 -5.45866068e-01  1.86583857e-01  3.07675020e-01]]

X_int8 (K x M) =
[[  19   64  -31   -4   46  -59   14  -12  -35    6   24  -36   15    7  -49   62   43  -34  -23   31  -20  -73   42    0   76   14    8  114   -7  -38    9   45]
 [ -46  -36   18 -127  -43   32  -23  -65   76  -56  -21  -15    3  -15   -3    2   -3    4  -94   18  -56  -86   55  -51    7  -31  -27   19  -42   15   15   46]
 [ -13   42   68   63   23   18  113   89  -30   37   24    3    6   19   37    9   13   55   13   22   39   65   49   15    8  -49   12  -41  -41   26   -4   19]
 [ -25   48    6   47   27    7  -19    1   33   28  -47   41   -8   32  -28   25  -32    5  -12  -11  -23   -6  -69   35   38  -18  -55  -26   38   25  -12   36]
 [ -41  -24   19   -4  -23 -100   27   13  -69   24   -1   11   38  -29   28   27   30   65   26  -22   71  -44  -18  -38   -4   43   52   18  -24  -22  -24   38]
 [ -36   34   -1    7   60  -19   66  -56  -33  -63  -30   23   29   12   11  -47  -53   12   54  -14  -50  -61  -27   63   -8  -41  -24  -19   11  -26  -35   -7]
 [  19   28   22  -18  -67  -32   11  -53   10  -23  -23   44    9   54  -37   45   36 -119   -4   61   31  -18   -9  -52    8  -71  -40   44   -1  -14   -4  109]
 [  41  -31   66   -4   29  -23  -37   32  -31  -31   36  -46  -56   22  -78  -30  -15  -53  -44   26   12  -38   21   60  -51    2   79   24   32   -8  -32   45]
 [  26   -2  -18  -69    6  -27   -5   27   33   29   90   46  -30  -33   92  -26   -2   69   68   -2   10  -65  -36  -15    0  -13    6   87   18   12    0   -7]
 [  49  -39   -5  -44    3    5   37   48   26   64   63   13   15  -77   13    0  -67  -17   38  -49   51   19   -9   -6   33  -57   81  -32  -30   48   31   53]
 [  42   15  -51  -19    8   -1  -82   41   69   58  -40   17  -84   67  -77   16   46   51   14  -57   -4  -11   15   39   26   84   26  -15   65  -12   11    7]
 [ -91   11   11   -8   -6  -51    3   60   -7  -21  -24   80  -54   34    4   76   52   -4  -61   57   58  -44   30  -32  -31  -64   37   11   20   58   27   23]
 [  30  -42   -1  -48  -36   -4   42   82  -43    7   -3   21   23   14  -38   16   35  -20   79   -9  -25   12  -10  -54   -1   63   80  -23   36    5   11   50]
 [  34    6  -37  -45   -3   13   20   31   39  -95   36  -42   44   13   25  -21   11  -74   44  -13 -103   42   67  -35   48  -30  -90  -14   13    5    4   12]
 [   9   -9  -24  -11  -14  -12  -44  -22    3   12   -3   -7   21   32   27  -70  -18   28   20   27   12  -34   49  -54   39   -1  -58  -16   48  -23  -48  -11]
 [ -32  -50   17   32  -22   21  -15   -4    5   59   20  -40   20   -9  -19  -33   -1   -2  -16  -55  -68    5    7   87   -7   41   47   -2    3  -17   71  -60]
 [  -2   55   -4  -23    9   21   23   11   30   38  -44  -15   35   19    9   27   38  -34  -49  -46   74  -42   -9   -7   41  -69   -2   48   44   16  -10   70]
 [ -66   39   20   23   11    8   37  -46  -50    6    2    7   63  -23   30   15   94  -56  -22  -18   52  -33   66   63   34   17  -62    7  -57  -14    8  -12]
 [  38   -5  -62  -42  -51  -13   50   20   13  -51   94   -1   96  -34  -23  103  -43   17  -13  -32   86  -40   36   44  -40  -75  -71  -32    9   13   -8   -4]
 [  39   31   15  -25   31    7  -30  -23   49   73  -21  -83   23  -36   29  -15   89    4   36  -48 -112    5   10   29  -22  -51  -64   22   28  -35  -21  -29]
 [ -75    8   34   -9  -57   -8   54   85   11  -31  -79  -61   -4    9   10  -10  -61  -63    6  -33   52  -58   67  -26    9    9  -14  -80  -19   60  -51  -73]
 [  -9  -16  -51  -30  -19  -16    6   28   15   14   67   44 -116  -14  -63  -27   31   -8  -17   52  -60   -4   22    1  -46   -1   32   14   13   12    5  -49]
 [ -12   17 -124   30   13  -43  -30   -8   16  -15   46   16  -31  -19    9   29   27   -4    6   -1   33  -39   24  -74   18   10    0  -85   62   36    1   18]
 [ -37   20   62  -47  107  -17   33  -33   16  -51  -26   -9  -26  -10   39  -51  -47    2  -22  -40    5  -22   13   -2   -8   -3   41   52   -6  -41  -60  -89]
 [ -47  -34   -2  -75   57   42   49  -20   10  -38   62  -48  -20   57   99   -4  -16 -100   68   12  -75   35   24  -14  -22   29    9   19   49   47   30   23]
 [ -51  -44   33   26   21   33  -22   22  -39    2   37  -27   78   45   55   -8  -55  -28   22  -11   29    6  -23   37   54  -29   20    6   11   -4  -50   56]
 [ -41  -35   26    7  -32  -26   -6  -17   26  -46   14   61    8  -35  -29    2  -25   49  -73   65  -80   -2  -43   33  -31  -45  -14  -16  -77   18  -95   47]
 [ -13   38  -24  -32   26  -23  -61   -3  -55   -1   55   38    0   -7  -13  -25   14   -6  -15   11  -80   78   25  -55    5  -45  -21  -36   43  -76  -14  -66]
 [  -1  -13  -56   57   62  -22   21   -6   10   61  -11   71  -11   -4   75   11  -81    9  -51  -66  -37   13  -44  -56  -15   16  -28  -52  -86  -31   34   40]
 [  31   -7    5   50  -35   14  -74   27  -18  -46   31  -44  -34   61  -42  -26  -27   31  -73   50  -10  -13  -36   -6   58    8  -37  -14   21    3  -10   24]
 [  14  -43  -76   20   74  -33   -6   54   69    3   50   30  -22  -80  -36   15   17  -20  -34  -64  -67   -5  -63   -1  -32  -17   84    2  -14   -7  -59   53]
 [  34  -21    9  -27   16  -53   11   60   18  -23   38   77   29    4  -32   17   76  -80   39    6   60   -5  -86   79  -46   32   -5   -2    5  -22    7   12]]
